% -------------------------------------------------------------------
%  Generated by MATLAB on 30-Nov-2021 17:20:28
%  MATLAB version: 9.10.0.1710957 (R2021a) Update 4
% -------------------------------------------------------------------
                                

true_flag = [1 1 1 1 1 1 1 1 1 1 1 1 1 1 1 1 1 1 1 1 1 1 1 1 1 1 1 1 1 ...
             1 1 1 1 1 1 1 1 1 1 1 1 1 1 1 1 1 1 1 1 1 1 1 1 1 1 1 1 1 ...
             1 1 1 1 1 1 1 1 1 1 1 1 1 1 1 1 1 1 1 1 1 1 1 1 1 1 1 1 1 ...
             1 1 1 1 1 1 1 1 1 1 1 1 1 1 1 1 1 1 1 1 1 1 1 1 1 1 1 1 1 ...
             1 1 1 1 1 1 1 1 1 1 1 1 1 1 1 1 1 1 1 1 1 1 1 1 1 1 1 1 1 ...
             1 1 1 1 1 1 1 1 1 1 1 1 1 1 1 1 1 1 1 1 1 1 0 1 1 1 0 0 0 ...
             0 1 1 1 0 1 1 1 1 1 1 1 0 0 1 0 0 0 0 0 1 1 1 0 1 1 1 1 1 ...
             0 0 0 0 0 0 0 0 0 1 1 0 0 1 1 0 1 1 1 1 1 0 0 1 0 0 0 1 0 ...
             1 1 0 0 0 0 0 1 1 1 0 1 1 0 0 1 0 0 0 0 1 1 0 0 0 0 1 0 0 ...
             0 1 0 1 0 1 1 0 0 1 0 0 0 1 1 0 0 1 0 0 0 0 0 1 1 0 1 1 1 ...
             0 1 1 1 1 0 0 0 1 0 1 0 1 1 1 0 0 1 0 0 1 0 1 0 0 0 1 0 0 ...
             1 0 0 0 1 0 0 0 1 0 0 0 1 0 0 0 1 0 0 1 0 0 1 0 0 0 1 0 0 ...
             0 0 0 0 1 0 1 1 0 1 0 0 1 0 1 1 0 0 1 0 0 1 0 0 0 0 0 1 0 ...
             0 1 0 1 1 0 0 0 0 0 0 0 0 0 0 1 0 0 0 0 0 0 0 0 1 0 0 1 1 ...
             0 0 0 0 0 0 1 0 0 0 0 0 0 0 0 0 0 0 0 0 0 0 0 1 0 0 0 0 0 ...
             0 0 0 0 0 0 0 1 1 0 0 0 0 1 0 0 0 0 0 1 0 0 0 0 0 0 1 0 0 ...
             0 0 0 0 0 0 1 0 0 0 0 0 1 1 0 0 0 0 0 1 1 1 1 1 0 1 0 0 0 ...
             0 1 0 0 0 0 0];

